2153.853774 0
2154.139332 0
2154.424889 0
2154.710447 0
2154.996005 0
2155.281563 0
2155.567121 0
2155.852679 0
2156.138237 0
2156.423795 0
2156.709352 0
2156.994910 0
2157.280468 0
2157.566026 0
2157.851584 0
2158.137142 0
2158.422700 0
2158.708257 0
2158.993815 0
2159.279373 0
2159.564931 0
2159.850489 0
2160.136047 0
2160.421605 0
2160.707163 0
2160.992720 0
2161.278278 0
2161.563836 0
2161.849394 0
2162.134952 0
2162.420510 0
2162.706068 0
2162.991625 0
2163.277183 0
2163.562741 0
2163.848299 0
2164.133857 0
2164.419415 0
2164.704973 0
2164.990530 0
2165.276088 0
2165.561646 0
2165.847204 0
2166.132762 0
2166.418320 0
2166.703878 0
2166.989436 0
2167.274993 0
2167.560551 0
2167.846109 0
2168.131667 0
2168.417225 0
2168.702783 0
2168.988341 0
2169.273898 0
2169.559456 0
2169.845014 0
2170.130572 0
2170.416130 0
2170.701688 0
2170.987246 0
2171.272804 0
2171.558361 0
2171.843919 0
2172.129477 0
2172.415035 0
2172.700593 0
2172.986151 0
2173.271709 0
2173.557266 0
2173.842824 0
2174.128382 0
2174.413940 0
2174.699498 0
2174.985056 0
2175.270614 0
2175.556171 0
2175.841729 0
2176.127287 0
2176.412845 0
2176.698403 0
2176.983961 0
2177.269519 0
2177.555077 0
2177.840634 0
2178.126192 0
2178.411750 0
2178.697308 0
2178.982866 0
2179.268424 0
2179.553982 0
2179.839539 0
2180.125097 0
2180.410655 0
2180.696213 0
2180.981771 0
2181.267329 0
2181.552887 0
2181.838445 0
2182.124002 0
2182.409560 0
2182.695118 0
2182.980676 0
2183.266234 0
2183.551792 0
2183.837350 0
2184.122907 0
2184.408465 0
2184.694023 0
2184.979581 0
2185.265139 0
2185.550697 0
2185.836255 0
2186.121812 0
2186.407370 0
2186.692928 0
2186.978486 0
2187.264044 0
2187.549602 0
2187.835160 0
2188.120718 0
2188.406275 0
2188.691833 0
2188.977391 0
2189.262949 0
2189.548507 0
2189.834065 0
2190.119623 0
2190.405180 0
2190.690738 0
2190.976296 0
2191.261854 0
2191.547412 0
2191.832970 0
2192.118528 0
2192.404086 0
2192.689643 0
2192.975201 0
2193.260759 0
2193.546317 0
2193.831875 0
2194.117433 0
2194.402991 0
2194.688548 0
2194.974106 0
2195.259664 0
2195.545222 0
2195.830780 0
2196.116338 0
2196.401896 0
2196.687453 0
2196.973011 0
2197.258569 0
2197.544127 0
2197.829685 0
2198.115243 0
2198.400801 0
2198.686359 0
2198.971916 0
2199.257474 0
2199.543032 0
2199.828590 0
2200.114148 0
2200.399706 0
2200.685264 0
2200.970821 0
2201.256379 0
2201.541937 0
2201.827495 0
2202.113053 0
2202.398611 0
2202.684169 0
2202.969727 0
2203.255284 0
2203.540842 0
2203.826400 0
2204.111958 0
2204.397516 0
2204.683074 0
2204.968632 0
2205.254189 0
2205.539747 0
2205.825305 0
2206.110863 0
2206.396421 0
2206.681979 0
2206.967537 0
2207.253094 0
2207.538652 0
2207.824210 0
2208.109768 0
2208.395326 0
2208.680884 0
2208.966442 0
2209.252000 0
2209.537557 0
2209.823115 0
2210.108673 0
2210.394231 0
2210.679789 0
2210.965347 0
2211.250905 0
2211.536462 0
2211.822020 0
2212.107578 0
2212.393136 0
2212.678694 0
2212.964252 0
2213.249810 0
2213.535368 0
2213.820925 0
2214.106483 0
2214.392041 0
2214.677599 0
2214.963157 0
2215.248715 0
2215.534273 0
2215.819830 0
2216.105388 0
2216.390946 0
2216.676504 0
2216.962062 0
2217.247620 0
2217.533178 0
2217.818736 0
2218.104293 0
2218.389851 0
2218.675409 0
2218.960967 0
2219.246525 0
2219.532083 0
2219.817641 0
2220.103198 0
2220.388756 0
2220.674314 0
2220.959872 0
2221.245430 0
2221.530988 0
2221.816546 0
2222.102103 0
2222.387661 0
2222.673219 0
2222.958777 0
2223.244335 0
2223.529893 0
2223.815451 0
2224.101009 0
2224.386566 0
2224.672124 0
2224.957682 0
2225.243240 0
2225.528798 0
2225.814356 0
2226.099914 0
2226.385471 0
2226.671029 0
2226.956587 0
2227.242145 0
2227.527703 0
2227.813261 0
2228.098819 0
2228.384377 0
2228.669934 0
2228.955492 0
2229.241050 0
2229.526608 0
2229.812166 0
2230.097724 0
2230.383282 0
2230.668839 0
2230.954397 0
2231.239955 0
2231.525513 0
2231.811071 0
2232.096629 0
2232.382187 0
2232.667744 0
2232.953302 0
2233.238860 0
2233.524418 0
2233.809976 0
2234.095534 0
2234.381092 0
2234.666650 0
2234.952207 0
2235.237765 0
2235.523323 0
2235.808881 0
2236.094439 0
2236.379997 0
2236.665555 0
2236.951112 0
2237.236670 0
2237.522228 0
2237.807786 0
2238.093344 0
2238.378902 0
2238.664460 0
2238.950018 0
2239.235575 0
2239.521133 0
2239.806691 0
2240.092249 0
2240.377807 0
2240.663365 0
2240.948923 0
2241.234480 0
2241.520038 0
2241.805596 0
2242.091154 0
2242.376712 0
2242.662270 0
2242.947828 0
2243.233385 0
2243.518943 0
2243.804501 0
2244.090059 0
2244.375617 0
2244.661175 0
2244.946733 0
2245.232291 0
2245.517848 0
2245.803406 0
2246.088964 0
2246.374522 0
2246.660080 0
2246.945638 0
2247.231196 0
2247.516753 0
2247.802311 0
2248.087869 0
2248.373427 0
2248.658985 0
2248.944543 0
2249.230101 0
2249.515659 0
2249.801216 0
2250.086774 0
2250.372332 0
2250.657890 0
2250.943448 0
2251.229006 0
2251.514564 0
2251.800121 0
2252.085679 0
2252.371237 0
2252.656795 0
2252.942353 0
2253.227911 0
2253.513469 0
2253.799026 0
2254.084584 0
2254.370142 0
2254.655700 0
2254.941258 0
2255.226816 0
2255.512374 0
2255.797932 0
2256.083489 0
2256.369047 0
2256.654605 0
2256.940163 0
2257.225721 0
2257.511279 0
2257.796837 0
2258.082394 0
2258.367952 0
2258.653510 0
2258.939068 0
2259.224626 0
2259.510184 0
2259.795742 0
2260.081300 0
2260.366857 0
2260.652415 0
2260.937973 0
2261.223531 0
2261.509089 0
2261.794647 0
2262.080205 0
2262.365762 0
2262.651320 0
2262.936878 0
2263.222436 0
2263.507994 0
2263.793552 0
2264.079110 0
2264.364667 0
2264.650225 0
2264.935783 0
2265.221341 0
2265.506899 0
2265.792457 0
2266.078015 0
2266.363573 0
2266.649130 0
2266.934688 0
2267.220246 0
2267.505804 0
2267.791362 0
2268.076920 0
2268.362478 0
2268.648035 0
2268.933593 0
2269.219151 0
2269.504709 0
2269.790267 0
2270.075825 0
2270.361383 0
2270.646941 0
2270.932498 0
2271.218056 0
2271.503614 0
2271.789172 0
2272.074730 0
2272.360288 0
2272.645846 0
2272.931403 0
2273.216961 0
2273.502519 0
2273.788077 0
2274.073635 0
2274.359193 0
2274.644751 0
2274.930308 0
2275.215866 0
2275.501424 0
2275.786982 0
2276.072540 0
2276.358098 0
2276.643656 0
2276.929214 0
2277.214771 0
2277.500329 0
2277.785887 0
2278.071445 0
2278.357003 0
2278.642561 0
2278.928119 0
2279.213676 0
2279.499234 0
2279.784792 0
2280.070350 0
2280.355908 0
2280.641466 0
2280.927024 0
2281.212582 0
2281.498139 0
2281.783697 0
2282.069255 0
2282.354813 0
2282.640371 0
2282.925929 0
2283.211487 0
2283.497044 0
2283.782602 0
2284.068160 0
2284.353718 0
2284.639276 0
2284.924834 0
2285.210392 0
2285.495949 0
2285.781507 0
2286.067065 0
2286.352623 0
2286.638181 0
2286.923739 0
2287.209297 0
2287.494855 0
2287.780412 0
2288.065970 0
2288.351528 0
2288.637086 0
2288.922644 0
2289.208202 0
2289.493760 0
2289.779317 0
2290.064875 0
2290.350433 0
2290.635991 0
2290.921549 0
2291.207107 0
2291.492665 0
2291.778223 0
2292.063780 0
2292.349338 0
2292.634896 0
2292.920454 0
2293.206012 0
2293.491570 0
2293.777128 0
2294.062685 0
2294.348243 0
2294.633801 0
2294.919359 0
2295.204917 0
2295.490475 0
2295.776033 0
2296.061590 0
2296.347148 0
2296.632706 0
2296.918264 0
2297.203822 0
2297.489380 0
2297.774938 0
2298.060496 0
2298.346053 0
2298.631611 0
2298.917169 0
2299.202727 0
2299.488285 0
2299.773843 0
2300.059401 0
2300.344958 0
2300.630516 0
2300.916074 0
2301.201632 0
2301.487190 0
2301.772748 0
2302.058306 0
2302.343864 0
2302.629421 0
2302.914979 0
2303.200537 0
2303.486095 0
2303.771653 0
2304.057211 0
2304.342769 0
2304.628326 0
2304.913884 0
2305.199442 0
2305.485000 0
2305.770558 0
2306.056116 0
2306.341674 0
2306.627231 0
2306.912789 0
2307.198347 0
2307.483905 0
2307.769463 0
2308.055021 0
2308.340579 0
2308.626137 0
2308.911694 0
2309.197252 0
2309.482810 0
2309.768368 0
2310.053926 0
2310.339484 0
2310.625042 0
2310.910599 0
2311.196157 0
2311.481715 0
2311.767273 0
2312.052831 0
2312.338389 0
2312.623947 0
2312.909505 0
2313.195062 0
2313.480620 0
2313.766178 0
2314.051736 0
2314.337294 0
2314.622852 0
2314.908410 0
2315.193967 0
2315.479525 0
2315.765083 0
2316.050641 0
2316.336199 0
2316.621757 0
2316.907315 0
2317.192872 0
2317.478430 0
2317.763988 0
2318.049546 0
2318.335104 0
2318.620662 0
2318.906220 0
2319.191778 0
2319.477335 0
2319.762893 0
2320.048451 0
2320.334009 0
2320.619567 0
2320.905125 0
2321.190683 0
2321.476240 0
2321.761798 0
2322.047356 0
2322.332914 0
2322.618472 0
2322.904030 0
2323.189588 0
2323.475146 0
2323.760703 0
2324.046261 0
2324.331819 0
2324.617377 0
2324.902935 0
2325.188493 0
2325.474051 0
2325.759608 0
2326.045166 0
2326.330724 0
2326.616282 0
2326.901840 0
2327.187398 0
2327.472956 0
2327.758513 0
2328.044071 0
2328.329629 0
2328.615187 0
2328.900745 0
2329.186303 0
2329.471861 0
2329.757419 0
2330.042976 0
2330.328534 0
2330.614092 0
2330.899650 0
2331.185208 0
2331.470766 0
2331.756324 0
2332.041881 0
2332.327439 0
2332.612997 0
2332.898555 0
2333.184113 0
2333.469671 0
2333.755229 0
2334.040787 0
2334.326344 0
2334.611902 0
2334.897460 0
2335.183018 0
2335.468576 0
2335.754134 0
2336.039692 0
2336.325249 0
2336.610807 0
2336.896365 0
2337.181923 0
2337.467481 0
2337.753039 0
2338.038597 0
2338.324154 0
2338.609712 0
2338.895270 0
2339.180828 0
2339.466386 0
2339.751944 0
2340.037502 0
2340.323060 0
2340.608617 0
2340.894175 0
2341.179733 0
2341.465291 0
2341.750849 0
2342.036407 0
2342.321965 0
2342.607522 0
2342.893080 0
2343.178638 0
2343.464196 0
2343.749754 0
2344.035312 0
2344.320870 0
2344.606428 0
2344.891985 0
2345.177543 0
2345.463101 0
2345.748659 0
2346.034217 0
2346.319775 0
2346.605333 0
2346.890890 0
2347.176448 0
2347.462006 0
2347.747564 0
2348.033122 0
2348.318680 0
2348.604238 0
2348.889795 0
2349.175353 0
2349.460911 0
2349.746469 0
2350.032027 0
2350.317585 0
2350.603143 0
2350.888701 0
2351.174258 0
2351.459816 0
2351.745374 0
2352.030932 0
2352.316490 0
2352.602048 0
2352.887606 0
2353.173163 0
2353.458721 0
2353.744279 0
2354.029837 0
2354.315395 0
2354.600953 0
2354.886511 0
2355.172069 0
2355.457626 0
2355.743184 0
2356.028742 0
2356.314300 0
2356.599858 0
2356.885416 0
2357.170974 0
2357.456531 0
2357.742089 0
2358.027647 0
2358.313205 0
2358.598763 0
2358.884321 0
2359.169879 0
2359.455436 0
2359.740994 0
2360.026552 0
2360.312110 0
2360.597668 0
2360.883226 0
2361.168784 0
2361.454342 0
2361.739899 0
2362.025457 0
2362.311015 0
2362.596573 0
2362.882131 0
2363.167689 0
2363.453247 0
2363.738804 0
2364.024362 0
2364.309920 0
2364.595478 0
2364.881036 0
2365.166594 0
2365.452152 0
2365.737710 0
2366.023267 0
2366.308825 0
2366.594383 0
2366.879941 0
2367.165499 0
2367.451057 0
2367.736615 0
2368.022172 0
2368.307730 0
2368.593288 0
2368.878846 0
2369.164404 0
2369.449962 0
2369.735520 0
2370.021077 0
2370.306635 0
2370.592193 0
2370.877751 0
2371.163309 0
2371.448867 0
2371.734425 0
2372.019983 0
2372.305540 0
2372.591098 0
2372.876656 0
2373.162214 0
2373.447772 0
2373.733330 0
2374.018888 0
2374.304445 0
2374.590003 0
2374.875561 0
2375.161119 0
2375.446677 0
2375.732235 0
2376.017793 0
2376.303351 0
2376.588908 0
2376.874466 0
2377.160024 0
2377.445582 0
2377.731140 0
2378.016698 0
2378.302256 0
2378.587813 0
2378.873371 0
2379.158929 0
2379.444487 0
2379.730045 0
2380.015603 0
2380.301161 0
2380.586718 0
2380.872276 0
2381.157834 0
2381.443392 0
2381.728950 0
2382.014508 0
2382.300066 0
2382.585624 0
2382.871181 0
2383.156739 0
2383.442297 0
2383.727855 0
2384.013413 0
2384.298971 0
2384.584529 0
2384.870086 0
2385.155644 0
2385.441202 0
2385.726760 0
2386.012318 0
2386.297876 0
2386.583434 0
2386.868992 0
2387.154549 0
2387.440107 0
2387.725665 0
2388.011223 0
2388.296781 0
2388.582339 0
2388.867897 0
2389.153454 0
2389.439012 0
2389.724570 0
2390.010128 0
2390.295686 0
2390.581244 0
2390.866802 0
2391.152359 0
2391.437917 0
2391.723475 0
2392.009033 0
2392.294591 0
2392.580149 0
2392.865707 0
2393.151265 0
2393.436822 0
2393.722380 0
2394.007938 0
2394.293496 0
2394.579054 0
2394.864612 0
2395.150170 0
2395.435727 0
2395.721285 0
2396.006843 0
2396.292401 0
2396.577959 2e-06
2396.863517 0.00041
2397.149075 0.000173
2397.434633 0.000127
2397.720190 0.000227
2398.005748 0.000223
2398.291306 0.000174
2398.576864 0.00027
2398.862422 0.000282
2399.147980 0.000184
2399.433538 0.000196
2399.719095 0.000247
2400.004653 0.000113
2400.290211 0.000241
2400.575769 0.00023
2400.861327 0.000284
2401.146885 0.000282
2401.432443 0.000269
2401.718000 0.000284
2402.003558 0.000302
2402.289116 0.000296
2402.574674 0.000337
2402.860232 0.000275
2403.145790 0.000232
2403.431348 0.000226
2403.716906 0.000234
2404.002463 0.000211
2404.288021 0.000246
2404.573579 0.000226
2404.859137 0.000227
2405.144695 0.000206
2405.430253 0.000181
2405.715811 0.000191
2406.001368 0.00018
2406.286926 0.000166
2406.572484 0.00016
2406.858042 0.000148
2407.143600 0.000143
2407.429158 0.000136
2407.714716 0.000146
2408.000274 0.000153
2408.285831 0.000127
2408.571389 0.000183
2408.856947 0.000133
2409.142505 0.000137
2409.428063 0.000148
2409.713621 0.000134
2409.999179 0.000153
2410.284736 0.00016
2410.570294 0.000158
2410.855852 0.000165
2411.141410 0.000168
2411.426968 0.000169
2411.712526 0.000198
2411.998084 0.000177
2412.283641 0.000162
2412.569199 0.000148
2412.854757 0.000152
2413.140315 0.000182
2413.425873 0.000172
2413.711431 0.000148
2413.996989 0.000126
2414.282547 0.00014
2414.568104 0.000153
2414.853662 0.000118
2415.139220 0.000157
2415.424778 0.000136
2415.710336 0.000125
2415.995894 0.000111
2416.281452 7.2e-05
2416.567009 7e-06
2416.852567 0
2417.138125 0
2417.423683 0
2417.709241 0
2417.994799 0
2418.280357 0
2418.565915 0
2418.851472 0
2419.137030 0
2419.422588 0
2419.708146 0
2419.993704 0
2420.279262 0
2420.564820 0
2420.850377 0
2421.135935 0
2421.421493 0
2421.707051 0
2421.992609 0
2422.278167 0
2422.563725 0
2422.849282 0
2423.134840 0
2423.420398 0
2423.705956 0
2423.991514 0
2424.277072 0
2424.562630 0
2424.848188 0
2425.133745 0
2425.419303 0
2425.704861 0
2425.990419 0
2426.275977 0
2426.561535 0
2426.847093 0
2427.132650 0
2427.418208 0
2427.703766 0
2427.989324 0
2428.274882 0
2428.560440 0
2428.845998 0
2429.131556 0
2429.417113 0
2429.702671 0
2429.988229 0
2430.273787 0
2430.559345 0
2430.844903 0
2431.130461 0
2431.416018 0
2431.701576 0
2431.987134 0
2432.272692 0
2432.558250 0
2432.843808 0
2433.129366 0
2433.414923 0
2433.700481 0
2433.986039 0
2434.271597 0
2434.557155 0
2434.842713 0
2435.128271 0
2435.413829 0
2435.699386 0
2435.984944 0
2436.270502 0
2436.556060 0
2436.841618 0
2437.127176 0
2437.412734 0
2437.698291 0
2437.983849 0
2438.269407 0
2438.554965 0
2438.840523 0
2439.126081 0
