2153.853774 0
2154.139833 0
2154.425892 0
2154.711951 0
2154.998011 0
2155.284070 0
2155.570129 0
2155.856188 0
2156.142247 0
2156.428307 0
2156.714366 0
2157.000425 0
2157.286484 0
2157.572543 0
2157.858603 0
2158.144662 0
2158.430721 0
2158.716780 0
2159.002839 0
2159.288899 0
2159.574958 0
2159.861017 0
2160.147076 0
2160.433135 0
2160.719195 0
2161.005254 0
2161.291313 0
2161.577372 0
2161.863432 0
2162.149491 0
2162.435550 0
2162.721609 0
2163.007668 0
2163.293728 0
2163.579787 0
2163.865846 0
2164.151905 0
2164.437964 0
2164.724024 0
2165.010083 0
2165.296142 0
2165.582201 0
2165.868260 0
2166.154320 0
2166.440379 0
2166.726438 0
2167.012497 0
2167.298556 0
2167.584616 0
2167.870675 0
2168.156734 0
2168.442793 0
2168.728852 0
2169.014912 0
2169.300971 0
2169.587030 0
2169.873089 0
2170.159148 0
2170.445208 0
2170.731267 0
2171.017326 0
2171.303385 0
2171.589444 0
2171.875504 0
2172.161563 0
2172.447622 0
2172.733681 0
2173.019741 0
2173.305800 0
2173.591859 0
2173.877918 0
2174.163977 0
2174.450037 0
2174.736096 0
2175.022155 0
2175.308214 0
2175.594273 0
2175.880333 0
2176.166392 0
2176.452451 0
2176.738510 0
2177.024569 0
2177.310629 0
2177.596688 0
2177.882747 0
2178.168806 0
2178.454865 0
2178.740925 0
2179.026984 0
2179.313043 0
2179.599102 0
2179.885161 0
2180.171221 0
2180.457280 0
2180.743339 0
2181.029398 0
2181.315457 0
2181.601517 0
2181.887576 0
2182.173635 0
2182.459694 0
2182.745753 0
2183.031813 0
2183.317872 0
2183.603931 0
2183.889990 0
2184.176050 0
2184.462109 0
2184.748168 0
2185.034227 0
2185.320286 0
2185.606346 0
2185.892405 0
2186.178464 0
2186.464523 0
2186.750582 0
2187.036642 0
2187.322701 0
2187.608760 0
2187.894819 0
2188.180878 0
2188.466938 0
2188.752997 0
2189.039056 0
2189.325115 0
2189.611174 0
2189.897234 0
2190.183293 0
2190.469352 0
2190.755411 0
2191.041470 0
2191.327530 0
2191.613589 0
2191.899648 0
2192.185707 0
2192.471766 0
2192.757826 0
2193.043885 0
2193.329944 0
2193.616003 0
2193.902062 0
2194.188122 0
2194.474181 0
2194.760240 0
2195.046299 0
2195.332359 0
2195.618418 0
2195.904477 0
2196.190536 0
2196.476595 0
2196.762655 0
2197.048714 0
2197.334773 0
2197.620832 0
2197.906891 0
2198.192951 0
2198.479010 0
2198.765069 0
2199.051128 0
2199.337187 0
2199.623247 0
2199.909306 0
2200.195365 0
2200.481424 0
2200.767483 0
2201.053543 0
2201.339602 0
2201.625661 0
2201.911720 0
2202.197779 0
2202.483839 0
2202.769898 0
2203.055957 0
2203.342016 0
2203.628075 0
2203.914135 0
2204.200194 0
2204.486253 0
2204.772312 0
2205.058371 0
2205.344431 0
2205.630490 0
2205.916549 0
2206.202608 0
2206.488668 0
2206.774727 0
2207.060786 0
2207.346845 0
2207.632904 0
2207.918964 0
2208.205023 0
2208.491082 0
2208.777141 0
2209.063200 0
2209.349260 0
2209.635319 0
2209.921378 0
2210.207437 0
2210.493496 0
2210.779556 0
2211.065615 0
2211.351674 0
2211.637733 0
2211.923792 0
2212.209852 0
2212.495911 0
2212.781970 0
2213.068029 0
2213.354088 0
2213.640148 0
2213.926207 0
2214.212266 0
2214.498325 0
2214.784384 0
2215.070444 0
2215.356503 0
2215.642562 0
2215.928621 0
2216.214680 0
2216.500740 0
2216.786799 0
2217.072858 0
2217.358917 0
2217.644977 0
2217.931036 0
2218.217095 0
2218.503154 0
2218.789213 0
2219.075273 0
2219.361332 0
2219.647391 0
2219.933450 0
2220.219509 0
2220.505569 0
2220.791628 0
2221.077687 0
2221.363746 0
2221.649805 0
2221.935865 0
2222.221924 0
2222.507983 0
2222.794042 0
2223.080101 0
2223.366161 0
2223.652220 0
2223.938279 0
2224.224338 0
2224.510397 0
2224.796457 0
2225.082516 0
2225.368575 0
2225.654634 0
2225.940693 0
2226.226753 0
2226.512812 0
2226.798871 0
2227.084930 0
2227.370989 0
2227.657049 0
2227.943108 0
2228.229167 0
2228.515226 0
2228.801286 0
2229.087345 0
2229.373404 0
2229.659463 0
2229.945522 0
2230.231582 0
2230.517641 0
2230.803700 0
2231.089759 0
2231.375818 0
2231.661878 0
2231.947937 0
2232.233996 0
2232.520055 0
2232.806114 0
2233.092174 0
2233.378233 0
2233.664292 0
2233.950351 0
2234.236410 0
2234.522470 0
2234.808529 0
2235.094588 0
2235.380647 0
2235.666706 0
2235.952766 0
2236.238825 0
2236.524884 0
2236.810943 0
2237.097002 0
2237.383062 0
2237.669121 0
2237.955180 0
2238.241239 0
2238.527298 0
2238.813358 0
2239.099417 0
2239.385476 0
2239.671535 0
2239.957595 0
2240.243654 0
2240.529713 0
2240.815772 0
2241.101831 0
2241.387891 0
2241.673950 0
2241.960009 0
2242.246068 0
2242.532127 0
2242.818187 0
2243.104246 0
2243.390305 0
2243.676364 0
2243.962423 0
2244.248483 0
2244.534542 0
2244.820601 0
2245.106660 0
2245.392719 0
2245.678779 0
2245.964838 0
2246.250897 0
2246.536956 0
2246.823015 0
2247.109075 0
2247.395134 0
2247.681193 0
2247.967252 0
2248.253311 0
2248.539371 0
2248.825430 0
2249.111489 0
2249.397548 0
2249.683607 0
2249.969667 0
2250.255726 0
2250.541785 0
2250.827844 0
2251.113904 0
2251.399963 0
2251.686022 0
2251.972081 0
2252.258140 0
2252.544200 0
2252.830259 0
2253.116318 0
2253.402377 0
2253.688436 0
2253.974496 0
2254.260555 0
2254.546614 0
2254.832673 0
2255.118732 0
2255.404792 0
2255.690851 0
2255.976910 0
2256.262969 0
2256.549028 0
2256.835088 0
2257.121147 0
2257.407206 0
2257.693265 0
2257.979324 0
2258.265384 0
2258.551443 0
2258.837502 0
2259.123561 0
2259.409620 0
2259.695680 0
2259.981739 0
2260.267798 0
2260.553857 0
2260.839916 0
2261.125976 0
2261.412035 0
2261.698094 0
2261.984153 0
2262.270213 0
2262.556272 0
2262.842331 0
2263.128390 0
2263.414449 0
2263.700509 0
2263.986568 0
2264.272627 0
2264.558686 0
2264.844745 0
2265.130805 0
2265.416864 0
2265.702923 0
2265.988982 0
2266.275041 0
2266.561101 0
2266.847160 0
2267.133219 0
2267.419278 0
2267.705337 0
2267.991397 0
2268.277456 0
2268.563515 0
2268.849574 0
2269.135633 0
2269.421693 0
2269.707752 0
2269.993811 0
2270.279870 0
2270.565929 0
2270.851989 0
2271.138048 0
2271.424107 0
2271.710166 0
2271.996225 0
2272.282285 0
2272.568344 0
2272.854403 0
2273.140462 0
2273.426522 0
2273.712581 0
2273.998640 0
2274.284699 0
2274.570758 0
2274.856818 0
2275.142877 0
2275.428936 0
2275.714995 0
2276.001054 0
2276.287114 0
2276.573173 0
2276.859232 0
2277.145291 0
2277.431350 0
2277.717410 0
2278.003469 0
2278.289528 0
2278.575587 0
2278.861646 0
2279.147706 0
2279.433765 0
2279.719824 0
2280.005883 0
2280.291942 0
2280.578002 0
2280.864061 0
2281.150120 0
2281.436179 0
2281.722238 0
2282.008298 0
2282.294357 0
2282.580416 0
2282.866475 0
2283.152534 0
2283.438594 0
2283.724653 0
2284.010712 0
2284.296771 0
2284.582831 0
2284.868890 0
2285.154949 0
2285.441008 0
2285.727067 0
2286.013127 0
2286.299186 0
2286.585245 0
2286.871304 0
2287.157363 0
2287.443423 0
2287.729482 0
2288.015541 0
2288.301600 0
2288.587659 0
2288.873719 0
2289.159778 0
2289.445837 0
2289.731896 0
2290.017955 0
2290.304015 0
2290.590074 0
2290.876133 0
2291.162192 0
2291.448251 0
2291.734311 0
2292.020370 0
2292.306429 0
2292.592488 0
2292.878547 0
2293.164607 0
2293.450666 0
2293.736725 0
2294.022784 0
2294.308843 0
2294.594903 0
2294.880962 0
2295.167021 0
2295.453080 0
2295.739140 0
2296.025199 0
2296.311258 0
2296.597317 0
2296.883376 0
2297.169436 0
2297.455495 0
2297.741554 0
2298.027613 0
2298.313672 0
2298.599732 0
2298.885791 0
2299.171850 0
2299.457909 0
2299.743968 0
2300.030028 0
2300.316087 0
2300.602146 0
2300.888205 0
2301.174264 0
2301.460324 0
2301.746383 0
2302.032442 0
2302.318501 0
2302.604560 0
2302.890620 0
2303.176679 0
2303.462738 0
2303.748797 0
2304.034856 0
2304.320916 0
2304.606975 0
2304.893034 0
2305.179093 0
2305.465152 0
2305.751212 0
2306.037271 0
2306.323330 0
2306.609389 0
2306.895449 0
2307.181508 0
2307.467567 0
2307.753626 0
2308.039685 0
2308.325745 0
2308.611804 0
2308.897863 0
2309.183922 0
2309.469981 0
2309.756041 0
2310.042100 0
2310.328159 0
2310.614218 0
2310.900277 0
2311.186337 0
2311.472396 0
2311.758455 0
2312.044514 0
2312.330573 0
2312.616633 0
2312.902692 0
2313.188751 0
2313.474810 0
2313.760869 0
2314.046929 0
2314.332988 0
2314.619047 0
2314.905106 0
2315.191165 0
2315.477225 0
2315.763284 0
2316.049343 0
2316.335402 0
2316.621461 0
2316.907521 0
2317.193580 0
2317.479639 0
2317.765698 0
2318.051758 0
2318.337817 0
2318.623876 0
2318.909935 0
2319.195994 0
2319.482054 0
2319.768113 0
2320.054172 0
2320.340231 0
2320.626290 0
2320.912350 0
2321.198409 0
2321.484468 0
2321.770527 0
2322.056586 0
2322.342646 0
2322.628705 0
2322.914764 0
2323.200823 0
2323.486882 0
2323.772942 0
2324.059001 0
2324.345060 0
2324.631119 0
2324.917178 0
2325.203238 0
2325.489297 0
2325.775356 0
2326.061415 0
2326.347474 0
2326.633534 0
2326.919593 0
2327.205652 0
2327.491711 0
2327.777770 0
2328.063830 0
2328.349889 0
2328.635948 0
2328.922007 0
2329.208067 0
2329.494126 0
2329.780185 0
2330.066244 0
2330.352303 0
2330.638363 0
2330.924422 0
2331.210481 0
2331.496540 0
2331.782599 0
2332.068659 0
2332.354718 0
2332.640777 0
2332.926836 0
2333.212895 0
2333.498955 0
2333.785014 0
2334.071073 0
2334.357132 0
2334.643191 0
2334.929251 0
2335.215310 0
2335.501369 0
2335.787428 0
2336.073487 0
2336.359547 0
2336.645606 0
2336.931665 0
2337.217724 0
2337.503783 0
2337.789843 0
2338.075902 0
2338.361961 0
2338.648020 0
2338.934079 0
2339.220139 0
2339.506198 0
2339.792257 0
2340.078316 0
2340.364376 0
2340.650435 0
2340.936494 0
2341.222553 0
2341.508612 0
2341.794672 0
2342.080731 0
2342.366790 0
2342.652849 0
2342.938908 0
2343.224968 0
2343.511027 0
2343.797086 0
2344.083145 0
2344.369204 0
2344.655264 0
2344.941323 0
2345.227382 0
2345.513441 0
2345.799500 0
2346.085560 0
2346.371619 0
2346.657678 0
2346.943737 0
2347.229796 0
2347.515856 0
2347.801915 0
2348.087974 0
2348.374033 0
2348.660092 0
2348.946152 0
2349.232211 0
2349.518270 0
2349.804329 0
2350.090388 0
2350.376448 0
2350.662507 0
2350.948566 0
2351.234625 0
2351.520685 0
2351.806744 0
2352.092803 0
2352.378862 0
2352.664921 0
2352.950981 0
2353.237040 0
2353.523099 0
2353.809158 0
2354.095217 0
2354.381277 0
2354.667336 0
2354.953395 0
2355.239454 0
2355.525513 0
2355.811573 0
2356.097632 0
2356.383691 0
2356.669750 0
2356.955809 0
2357.241869 0
2357.527928 0
2357.813987 0
2358.100046 0
2358.386105 0
2358.672165 0
2358.958224 0
2359.244283 0
2359.530342 0
2359.816401 0
2360.102461 0
2360.388520 0
2360.674579 0
2360.960638 0
2361.246697 0
2361.532757 0
2361.818816 0
2362.104875 0
2362.390934 0
2362.676993 0
2362.963053 0
2363.249112 0
2363.535171 0
2363.821230 0
2364.107290 0
2364.393349 0
2364.679408 0
2364.965467 0
2365.251526 0
2365.537586 0
2365.823645 0
2366.109704 0
2366.395763 0
2366.681822 0
2366.967882 0
2367.253941 0
2367.540000 0
2367.826059 0
2368.112118 0
2368.398178 0
2368.684237 0
2368.970296 0
2369.256355 0
2369.542414 0
2369.828474 0
2370.114533 0
2370.400592 0
2370.686651 0
2370.972710 0
2371.258770 0
2371.544829 0
2371.830888 0
2372.116947 0
2372.403006 0
2372.689066 0
2372.975125 0
2373.261184 0
2373.547243 0
2373.833302 0
2374.119362 0
2374.405421 0
2374.691480 0
2374.977539 0
2375.263599 0
2375.549658 0
2375.835717 0
2376.121776 0
2376.407835 0
2376.693895 0
2376.979954 0
2377.266013 0
2377.552072 0
2377.838131 0
2378.124191 0
2378.410250 0
2378.696309 0
2378.982368 0
2379.268427 0
2379.554487 0
2379.840546 0
2380.126605 0
2380.412664 0
2380.698723 0
2380.984783 0
2381.270842 0
2381.556901 0
2381.842960 0
2382.129019 0
2382.415079 0
2382.701138 0
2382.987197 0
2383.273256 0
2383.559315 0
2383.845375 0
2384.131434 0
2384.417493 0
2384.703552 0
2384.989611 0
2385.275671 0
2385.561730 0
2385.847789 0
2386.133848 0
2386.419908 0
2386.705967 0
2386.992026 0
2387.278085 0
2387.564144 0
2387.850204 0
2388.136263 0
2388.422322 0
2388.708381 0
2388.994440 0
2389.280500 0
2389.566559 0
2389.852618 0
2390.138677 0
2390.424736 0
2390.710796 0
2390.996855 0
2391.282914 0
2391.568973 0
2391.855032 0
2392.141092 0
2392.427151 0
2392.713210 0
2392.999269 0
2393.285328 0
2393.571388 0
2393.857447 0
2394.143506 0
2394.429565 0
2394.715624 0
2395.001684 0
2395.287743 0
2395.573802 0
2395.859861 0
2396.145920 0
2396.431980 0
2396.718039 0.000817
2397.004098 8e-06
2397.290157 0.000194
2397.576217 0.00023
2397.862276 0.00012
2398.148335 0.000158
2398.434394 0.000147
2398.720453 0.000141
2399.006513 0.000134
2399.292572 0.0001
2399.578631 0.00021
2399.864690 0.000187
2400.150749 0.000275
2400.436809 0.000301
2400.722868 0.000319
2401.008927 0.000249
2401.294986 0.000304
2401.581045 0.000253
2401.867105 0.000291
2402.153164 0.000226
2402.439223 0.00024
2402.725282 0.000163
2403.011341 0.000209
2403.297401 0.000223
2403.583460 0.000181
2403.869519 0.000147
2404.155578 0.000161
2404.441637 0.000145
2404.727697 0.00015
2405.013756 0.000183
2405.299815 0.000202
2405.585874 0.000116
2405.871933 0.000145
2406.157993 0.000142
2406.444052 0.000155
2406.730111 0.000182
2407.016170 0.000127
2407.302229 0.000136
2407.588289 0.000211
2407.874348 0.00016
2408.160407 0.000129
2408.446466 0.000167
2408.732526 0.000139
2409.018585 0.000144
2409.304644 0.00015
2409.590703 0.000129
2409.876762 0.000158
2410.162822 0.00016
2410.448881 0.000139
2410.734940 0.000145
2411.020999 0.000139
2411.307058 0.000133
2411.593118 0.000148
2411.879177 0.000133
2412.165236 0.000165
2412.451295 0.000204
2412.737354 0.00017
2413.023414 0.000207
2413.309473 0.000161
2413.595532 0.000191
2413.881591 0.000161
2414.167650 0.000222
2414.453710 0.000181
2414.739769 0.000175
2415.025828 0.000187
2415.311887 0.000177
2415.597946 0.000153
2415.884006 0.000149
2416.170065 0.000111
2416.456124 5.7e-05
2416.742183 0
2417.028242 0
2417.314302 0
2417.600361 0
2417.886420 0
2418.172479 0
2418.458538 0
2418.744598 0
2419.030657 0
2419.316716 0
2419.602775 0
2419.888835 0
2420.174894 0
2420.460953 0
2420.747012 0
2421.033071 0
2421.319131 0
2421.605190 0
2421.891249 0
2422.177308 0
2422.463367 0
2422.749427 0
2423.035486 0
2423.321545 0
2423.607604 0
2423.893663 0
2424.179723 0
2424.465782 0
2424.751841 0
2425.037900 0
2425.323959 0
2425.610019 0
2425.896078 0
2426.182137 0
2426.468196 0
2426.754255 0
2427.040315 0
2427.326374 0
2427.612433 0
2427.898492 0
2428.184551 0
2428.470611 0
2428.756670 0
2429.042729 0
2429.328788 0
2429.614847 0
2429.900907 0
2430.186966 0
2430.473025 0
2430.759084 0
2431.045144 0
2431.331203 0
2431.617262 0
2431.903321 0
2432.189380 0
2432.475440 0
2432.761499 0
2433.047558 0
2433.333617 0
2433.619676 0
2433.905736 0
2434.191795 0
2434.477854 0
2434.763913 0
2435.049972 0
2435.336032 0
2435.622091 0
2435.908150 0
2436.194209 0
2436.480268 0
2436.766328 0
2437.052387 0
2437.338446 0
2437.624505 0
2437.910564 0
2438.196624 0
2438.482683 0
2438.768742 0
2439.054801 0
2439.340860 0
2439.626920 0
